	estimator	min_score	mean_score	max_score	std_score	max_depth	n_estimators	learning_rate	min_child_weight
9	XGBRegressor	0.17735193686848158	0.1876048152674799	0.20208178965506934	0.010428399308536418	3	100	0.1	5
3	XGBRegressor	0.17731307202312935	0.18747293569230383	0.2018944055619243	0.010478780952890983	3	100	0.1	1
6	XGBRegressor	0.17738919776446607	0.18735762358276173	0.20150520204929057	0.010224599322366206	3	100	0.1	3
2	XGBRegressor	0.17037347831628452	0.18086618141284472	0.19602182624165815	0.010702089710867307	3	200	0.1	1
8	XGBRegressor	0.1704036909902532	0.18095322223746274	0.1956879190246366	0.010547858600197487	3	200	0.1	5
5	XGBRegressor	0.17096478290302494	0.18104908231661215	0.19539582924236887	0.010099160898009168	3	200	0.1	3
12	XGBRegressor	0.1682617372583794	0.17804979749551675	0.19254516572838815	0.009880858270517294	5	100	0.1	1
1	XGBRegressor	0.1667717362029204	0.17668013102381372	0.19230440732348372	0.010478002645007341	3	500	0.1	1
15	XGBRegressor	0.16759410150268078	0.17758904554254606	0.19158099003471737	0.009803703359714758	5	100	0.1	3
18	XGBRegressor	0.16858524845152612	0.17753251780499715	0.19148109810300476	0.00954571110671833	5	100	0.1	5
7	XGBRegressor	0.166750220826075	0.1767180061001985	0.19142804756964787	0.010115054292328871	3	500	0.1	5
0	RandomForestRegressor	0.1690286777566997	0.17894707822883735	0.19130558577260529	0.009121922515357093	20	100		
4	XGBRegressor	0.1667770768400027	0.17643246823139186	0.1911844016650624	0.009811358540609216	3	500	0.1	3
11	XGBRegressor	0.1653255520336367	0.17503617493389523	0.18991197134570928	0.009897298179412697	5	200	0.1	1
24	XGBRegressor	0.16378858976618949	0.1733656224417668	0.18882288865433045	0.01017426886248546	7	100	0.1	3
21	XGBRegressor	0.1635969805656242	0.17386755567567536	0.18876632889379535	0.010089253754834302	7	100	0.1	1
14	XGBRegressor	0.16438352713470256	0.17444913859877093	0.18867780015839267	0.009652255908919759	5	200	0.1	3
17	XGBRegressor	0.16522198327809096	0.17420384370694217	0.18815196640093781	0.009508857133016638	5	200	0.1	5
10	XGBRegressor	0.16253868864243348	0.17301324471011295	0.18812409402925354	0.009727797476102437	5	500	0.1	1
19	XGBRegressor	0.1620082739495618	0.17194677370576275	0.1877448011063042	0.010137660993935175	7	500	0.1	1
27	XGBRegressor	0.16380395661007882	0.17325950189165765	0.18761058087787622	0.009686219234410213	7	100	0.1	5
33	XGBRegressor	0.16120218911670958	0.1717597276424599	0.1875581881648976	0.010804250658948862	9	100	0.1	3
20	XGBRegressor	0.16214758651783526	0.1723933946916935	0.18747992097330918	0.010078339933878777	7	200	0.1	1
23	XGBRegressor	0.16203982768892167	0.17162480717585316	0.1871636434234743	0.009995224577246543	7	200	0.1	3
31	XGBRegressor	0.16136504118556294	0.17145067577010326	0.18701948102579524	0.010630088970623737	9	500	0.1	3
13	XGBRegressor	0.1625563420673127	0.17209812605051153	0.18699225123007457	0.009709274458565805	5	500	0.1	3
28	XGBRegressor	0.16332771096462156	0.17282897667139221	0.1869642655254762	0.009425899577063619	9	500	0.1	1
22	XGBRegressor	0.1610776456240323	0.17101209834115977	0.186788633946764	0.009902438167317819	7	500	0.1	3
32	XGBRegressor	0.16044881920387047	0.1707706201508667	0.18619817936224597	0.010436549460205698	9	200	0.1	3
36	XGBRegressor	0.1620814435103299	0.17156575565942586	0.1858845542803661	0.009685811356408431	9	100	0.1	5
30	XGBRegressor	0.16309835247762366	0.17225492472430692	0.18578509000855992	0.009216139609808762	9	100	0.1	1
34	XGBRegressor	0.16098484471273805	0.17143792748030712	0.18543596643695073	0.009423735761553953	9	500	0.1	5
26	XGBRegressor	0.16202507894090473	0.17125297903400435	0.18531975897450328	0.009220432497857728	7	200	0.1	5
29	XGBRegressor	0.16216395201603104	0.17166058086639374	0.18531366061371737	0.009207238272658845	9	200	0.1	1
16	XGBRegressor	0.16265834752837582	0.1715343628811842	0.18519486068871202	0.00902051277979815	5	500	0.1	5
25	XGBRegressor	0.16081507469913087	0.17042736990036675	0.18504804008344525	0.009431742005308245	7	500	0.1	5
35	XGBRegressor	0.16032748812785552	0.17033301131047637	0.18455549852597405	0.009560263621641779	9	200	0.1	5
